22
293
4 17
20 2
5 6
7 15
15 5
2 1
16 13
10 0
0 9
6 5
4 17
9 14
2 13
7 12
4 21
5 19
17 8
7 21
18 9
5 8
15 16
0 17
10 18
16 15
18 9
19 10
17 8
6 3
1 0
0 21
1 7
17 18
0 19
6 16
9 2
18 18
9 2
21 8
17 18
1 10
5 16
7 1
6 12
7 15
0 4
4 14
17 4
12 6
10 8
19 8
12 18
3 7
13 6
15 19
14 12
13 1
6 2
4 16
15 18
12 6
18 7
17 5
15 11
5 12
3 0
5 20
1 2
3 18
9 11
14 3
5 15
20 7
16 5
14 11
1 20
18 7
14 0
17 13
15 15
8 3
10 18
19 16
20 17
2 9
14 4
2 14
19 2
19 5
15 18
11 14
0 15
6 1
4 0
19 8
1 13
6 21
21 11
3 12
1 3
0 6
3 17
0 2
5 12
9 11
1 8
19 8
11 17
12 17
4 21
16 14
13 1
5 4
16 4
14 9
21 18
1 6
18 8
9 1
8 2
21 17
21 20
3 18
1 4
19 0
11 12
0 2
9 13
16 21
2 5
12 5
12 9
11 21
15 12
12 18
9 5
9 11
8 18
10 0
2 6
3 10
17 9
16 0
18 16
9 17
3 0
19 16
15 16
17 19
2 15
19 20
17 15
13 9
13 17
2 19
0 3
5 12
11 7
10 18
4 10
4 14
18 1
8 2
2 0
5 4
0 0
18 19
21 9
8 13
20 1
19 5
21 18
0 1
16 11
8 1
2 12
21 3
9 18
2 20
10 17
10 2
13 21
20 11
13 0
8 12
9 21
12 15
12 17
14 1
8 18
21 21
2 6
19 10
7 10
13 0
19 14
9 13
21 2
1 5
14 20
7 1
1 4
17 10
20 7
20 7
4 6
1 10
6 18
20 4
2 7
20 11
16 0
18 12
11 19
7 17
16 17
19 2
17 10
0 6
7 18
0 6
21 16
21 8
16 11
15 6
9 5
9 0
11 2
7 15
9 5
6 11
10 4
14 7
13 18
6 2
8 15
14 7
2 0
9 6
12 7
8 6
0 3
6 3
2 21
11 0
4 9
19 18
18 9
6 12
18 2
6 11
6 10
17 10
13 3
16 11
9 5
11 16
13 1
17 0
21 0
2 21
6 3
15 14
18 19
14 4
2 15
7 3
1 14
14 1
12 11
8 14
21 4
4 4
16 21
6 2
10 17
16 0
6 21
20 16
16 12
1 10
4 15
2 21
5 17
21 7
14 1
19 13
0 5
18 9
7 9
19 6
5 5
9 4
14 15