86
6971
14 37
43 37
39 83
3 53
9 68
3 79
14 11
62 8
84 28
35 4
25 53
11 55
53 50
82 41
59 11
6 64
42 44
44 7
84 25
1 16
20 42
2 30
21 50
59 37
54 47
68 21
43 44
39 74
67 47
52 85
24 51
17 45
45 72
50 16
27 8
58 16
74 0
56 70
1 56
25 65
53 35
70 23
53 36
84 59
19 39
11 23
78 62
67 46
29 24
60 1
12 37
84 49
59 16
50 19
64 1
73 67
14 62
35 10
58 40
22 29
51 77
11 47
3 23
35 38
77 63
32 1
0 45
5 7
31 78
85 23
3 59
39 64
76 78
71 38
30 33
46 26
38 83
44 56
40 12
47 15
82 18
62 42
82 83
15 63
35 72
7 10
6 61
57 54
74 46
70 74
81 15
35 13
83 23
29 58
61 55
26 45
10 23
52 47
21 7
52 30
57 13
54 53
4 68
83 23
0 52
29 12
77 4
27 62
17 27
49 4
65 69
79 2
6 48
11 81
67 35
49 28
12 55
78 10
4 11
78 58
46 55
63 63
22 68
23 64
27 40
73 78
21 53
27 64
16 42
84 9
65 2
26 12
17 3
38 30
42 84
9 48
23 39
40 64
6 83
6 71
63 76
40 41
83 27
39 48
68 66
35 50
40 10
48 55
32 9
30 51
23 22
56 27
30 0
2 23
36 35
35 4
9 77
63 50
34 58
35 83
56 64
73 50
28 83
36 66
78 4
32 47
79 16
9 6
63 43
61 1
77 27
7 1
36 65
57 11
48 3
13 15
69 45
9 18
45 15
78 17
53 45
12 40
74 49
35 41
6 32
17 63
46 20
22 52
54 33
16 83
46 43
16 82
69 14
81 58
6 65
2 62
60 3
85 1
78 18
57 66
82 46
15 78
33 3
84 82
79 23
39 14
13 77
72 26
23 85
45 3
75 74
35 17
17 34
76 46
26 14
34 0
37 21
48 83
66 31
49 67
32 14
31 68
23 25
39 60
56 17
65 19
56 9
59 51
29 23
69 76
50 69
59 12
16 43
76 42
14 60
26 64
85 61
61 1
74 36
65 9
59 8
84 36
16 64
49 29
27 35
60 38
29 73
19 73
12 10
75 36
24 85
14 33
2 23
12 37
43 55
35 45
56 18
25 77
61 2
52 25
54 69
61 78
27 20
14 16
20 25
9 26
5 65
18 1
77 30
23 77
36 7
31 71
42 79
83 37
23 76
79 61
57 73
52 52
72 78
26 41
46 41
11 45
10 38
57 3
17 11
73 51
80 66
13 25
66 65
70 28
48 80
29 47
61 33
23 69
22 36
34 17
7 15
4 85
6 50
5 83
58 60
1 72
64 62
78 45
68 75
55 60
83 3
48 81
33 67
83 66
65 0
46 20
49 24
4 50
27 50
83 83
5 78
18 70
26 39
78 63
62 54
9 82
56 71
58 37
36 28
83 59
21 84
21 51
29 47
69 46
56 58
72 79
24 41
81 40
32 55
54 19
43 35
20 58
49 1
38 52
83 30
39 53
39 74
77 11
25 74
6 19
68 28
19 7
74 70
23 13
69 10
73 73
22 74
63 28
27 12
15 84
68 43
8 1
64 26
10 70
19 72
78 16
70 66
15 16
7 32
68 55
4 12
64 32
61 41
31 5
84 21
7 28
55 18
45 38
9 34
14 66
46 22
27 37
48 58
59 25
71 79
50 47
83 0
28 49
82 21
68 24
72 55
80 57
68 30
11 2
56 85
80 59
18 22
52 42
40 63
75 62
38 68
39 1
18 24
83 2
34 34
43 39
0 57
60 7
42 44
66 57
26 80
58 51
28 61
39 15
27 16
49 21
7 72
46 56
59 46
35 21
16 12
23 53
41 65
84 80
85 30
74 29
17 77
66 18
26 37
63 12
84 35
51 59
52 31
41 38
33 72
48 54
63 62
73 18
55 27
3 50
75 49
41 42
42 56
68 9
26 15
45 76
73 73
53 36
73 65
61 75
60 1
27 36
5 76
52 37
71 79
22 18
20 85
62 68
26 41
57 43
54 54
79 55
40 54
9 30
77 20
58 5
64 12
19 0
34 57
63 38
32 48
72 52
51 68
76 10
84 19
39 34
12 17
84 84
59 47
70 84
69 8
38 77
38 7
18 34
7 29
73 5
65 44
22 29
84 77
42 69
67 52
62 76
23 48
38 45
3 56
38 30
58 79
22 50
1 57
26 84
63 78
64 84
13 5
74 38
47 63
53 70
56 78
83 25
54 48
79 5
32 3
77 75
2 47
50 22
29 67
25 68
72 16
66 43
2 25
27 30
78 12
51 51
76 13
22 8
39 50
46 33
52 69
15 49
78 7
62 19
55 5
38 27
79 24
54 5
1 81
32 79
30 78
8 77
52 30
81 12
79 26
30 27
53 24
57 11
15 8
82 49
41 80
21 85
70 19
10 82
40 69
81 46
52 85
48 48
79 5
42 8
59 42
68 38
29 31
28 68
66 38
47 67
45 19
3 37
52 63
55 9
39 66
39 26
34 27
28 36
52 4
46 44
82 50
17 47
78 78
27 85
75 12
35 32
22 79
4 3
33 32
36 79
3 48
34 25
52 65
0 20
54 21
14 41
43 13
26 5
61 54
48 49
20 57
2 44
51 6
80 48
72 18
52 66
24 9
32 66
45 6
54 34
83 26
80 28
63 5
84 14
39 17
84 26
22 32
20 31
42 72
22 75
39 69
43 68
8 43
35 25
55 7
47 38
21 2
70 33
66 28
78 40
78 64
21 42
77 70
67 69
39 12
19 10
21 75
50 14
31 57
6 56
84 31
51 84
81 23
78 77
14 35
13 2
75 20
61 53
51 32
1 47
85 84
54 81
62 44
63 30
40 9
20 84
32 84
12 82
20 22
85 69
36 15
10 75
54 78
80 48
66 42
82 15
47 7
74 53
70 37
67 20
68 53
79 35
27 21
69 59
39 22
36 58
53 25
80 74
85 42
26 3
65 36
15 8
56 1
42 22
40 39
17 24
39 84
61 23
46 2
50 24
62 64
43 49
77 34
65 38
39 38
84 63
0 28
9 26
2 50
75 40
18 38
1 82
8 54
84 48
75 62
4 67
40 73
47 6
29 36
69 22
19 23
73 47
0 25
28 68
9 76
71 72
61 57
36 18
20 79
62 81
60 50
8 8
55 79
49 76
52 39
40 30
64 6
19 50
38 13
40 62
44 12
68 10
55 66
25 45
57 19
22 4
82 66
29 43
63 18
47 80
2 70
17 59
56 7
18 22
52 63
85 24
4 70
54 51
85 48
4 32
46 10
84 58
30 56
34 34
20 24
82 31
43 49
46 43
18 29
21 37
47 63
48 5
23 30
33 76
79 61
9 81
46 50
5 50
51 7
53 49
72 73
29 80
40 23
48 16
5 0
28 32
35 15
46 70
80 55
41 41
19 56
25 27
83 67
80 52
55 24
60 43
27 7
60 57
28 27
12 52
81 25
25 54
21 34
10 74
30 66
1 29
49 23
1 34
45 55
78 29
19 42
72 8
58 72
59 5
35 21
40 81
15 68
85 54
28 75
37 43
14 30
72 1
65 1
37 6
73 76
83 48
75 13
63 50
17 24
14 43
85 85
10 7
46 50
62 42
47 19
19 11
67 29
22 23
26 52
5 83
38 51
60 83
37 50
14 85
69 7
44 71
67 40
48 78
5 45
46 38
55 42
67 22
59 32
54 47
59 64
73 69
52 29
76 18
20 73
66 65
67 0
57 79
6 67
9 60
76 29
35 58
79 67
35 62
60 42
50 77
22 18
28 39
40 78
76 70
8 10
65 49
11 19
47 2
75 22
54 58
5 14
9 20
73 76
31 17
69 48
9 20
47 8
66 72
37 63
65 46
10 43
10 62
40 78
9 30
84 82
13 33
59 78
23 18
47 34
14 11
9 44
27 26
41 50
83 72
8 58
78 45
55 3
21 56
6 32
55 17
62 6
8 68
81 70
4 9
64 19
37 82
81 25
49 21
84 0
67 72
2 32
63 16
10 19
0 57
69 15
2 79
53 46
57 32
38 73
4 14
82 83
44 14
68 11
4 51
43 70
20 13
6 19
85 80
8 32
84 66
33 25
71 28
35 47
6 71
75 33
56 11
19 54
44 5
81 77
6 84
34 15
77 8
44 61
20 19
39 51
72 82
4 52
45 11
26 78
64 75
40 81
84 11
69 76
9 58
79 42
15 20
69 28
2 48
59 27
63 21
79 0
15 79
40 73
25 4
77 14
11 34
27 31
7 55
75 22
12 73
67 9
63 60
64 43
17 11
43 31
35 18
30 4
51 31
30 45
40 24
40 25
56 70
50 84
66 38
58 36
8 31
40 77
79 27
48 54
40 70
7 37
1 44
80 5
63 42
16 20
30 54
75 12
3 81
83 34
80 49
30 27
85 52
12 78
30 73
55 58
23 63
79 74
83 74
11 12
53 53
14 25
7 49
33 31
75 53
68 66
47 63
44 60
1 75
75 70
43 14
5 73
28 46
18 37
63 63
48 50
36 37
77 34
64 18
37 68
41 41
84 77
83 19
50 78
84 56
54 35
33 14
62 56
78 7
14 74
60 34
32 33
82 21
13 2
73 9
45 7
17 68
60 82
17 13
58 53
27 66
31 54
18 85
31 3
34 54
53 58
19 43
43 27
77 69
62 67
25 10
63 6
26 46
56 11
62 19
55 14
74 78
31 0
59 51
17 25
30 57
16 65
35 42
69 55
78 39
41 42
13 51
15 60
3 55
62 48
27 19
28 33
42 50
18 83
8 29
25 13
49 39
37 84
27 26
55 61
44 54
23 50
25 77
13 72
42 71
64 69
19 82
21 65
14 32
13 31
47 22
71 61
3 70
33 56
62 39
31 44
77 25
66 43
8 67
69 28
16 44
58 61
51 76
40 28
13 84
42 48
34 17
16 27
52 74
15 13
19 77
33 54
66 37
59 80
68 22
75 33
7 47
24 71
51 78
75 76
0 68
79 17
77 3
51 44
31 61
22 6
37 78
83 5
12 58
41 13
12 56
6 20
83 64
84 57
4 52
76 14
3 68
14 46
46 5
36 27
39 15
58 23
25 44
44 43
36 17
6 39
51 71
38 20
23 71
62 57
62 4
60 46
61 21
0 20
43 12
40 34
78 45
22 78
8 68
29 15
69 83
38 18
32 75
56 21
75 17
29 41
42 13
17 79
80 69
24 16
28 71
26 77
66 41
9 40
60 17
49 1
83 51
52 57
29 21
45 30
36 59
44 5
76 64
61 3
83 54
51 23
42 53
46 23
82 27
17 53
75 50
82 50
62 20
19 83
81 23
50 0
2 66
22 10
0 59
53 39
19 14
81 13
38 58
37 58
6 35
79 36
83 59
29 83
57 55
32 52
70 14
71 61
71 13
31 56
53 40
60 7
70 2
61 35
62 31
81 83
33 13
10 10
47 57
38 69
83 11
51 54
57 76
55 27
59 77
3 13
2 57
27 59
73 59
57 32
50 77
65 0
47 50
51 45
67 4
27 60
57 79
18 22
14 11
63 31
61 30
5 17
29 73
41 32
77 40
59 84
9 22
63 8
38 47
78 69
30 34
78 34
75 52
84 66
13 81
15 77
2 75
74 34
39 36
81 55
80 23
40 51
69 63
41 15
48 70
74 72
19 10
34 28
66 22
56 28
79 23
26 8
7 23
4 82
62 36
27 61
35 52
75 34
40 3
35 3
1 45
6 12
8 85
17 35
32 51
74 78
55 37
48 62
78 42
54 64
16 30
77 78
28 12
9 58
8 60
4 82
66 23
25 38
22 22
54 0
37 26
72 20
63 36
64 23
81 84
35 28
8 39
59 9
18 28
43 64
36 70
58 60
24 9
64 2
77 64
21 19
74 18
15 10
62 6
26 11
50 47
35 28
41 79
23 67
36 22
38 24
68 6
31 64
84 14
15 51
62 20
40 71
44 55
11 81
72 31
41 1
52 58
60 8
9 60
73 33
27 49
46 48
20 32
69 20
64 1
69 7
1 2
73 13
41 80
33 6
67 9
47 38
51 73
10 78
70 66
1 9
5 45
15 58
39 53
63 52
12 73
2 70
40 63
74 17
57 3
45 37
27 78
36 63
15 36
8 59
41 13
52 44
68 47
32 61
38 25
54 26
67 62
9 80
7 50
56 37
76 10
60 75
50 24
63 72
54 23
33 63
50 55
76 39
9 33
77 81
61 84
26 68
69 14
15 28
20 8
80 5
23 72
17 82
50 67
59 78
46 80
66 51
14 2
37 13
74 43
33 9
77 84
62 48
62 44
51 61
47 65
66 52
70 35
62 24
61 30
24 45
40 19
18 56
2 54
24 49
40 7
75 60
78 79
60 1
45 77
59 67
76 84
41 63
6 71
49 30
60 81
4 35
35 78
1 25
24 10
24 68
3 41
5 74
47 55
27 41
26 36
26 25
28 72
83 0
60 23
20 7
71 19
84 42
77 57
36 68
58 13
56 46
51 3
51 25
52 52
0 69
5 3
81 53
73 23
73 67
82 66
85 2
36 14
47 67
85 47
46 67
76 11
72 12
11 46
51 8
42 31
49 6
16 33
85 39
33 77
36 5
64 40
55 21
43 11
45 48
29 3
35 73
74 16
68 4
80 6
61 80
13 31
28 75
2 6
7 67
40 50
74 78
21 62
63 12
36 12
39 77
61 70
34 26
42 36
3 38
14 77
27 28
63 75
18 60
53 18
74 56
53 33
9 22
59 31
37 14
43 23
24 70
68 62
22 67
21 3
84 40
29 32
81 76
81 24
33 68
17 9
81 58
5 13
18 54
64 70
20 81
42 46
76 1
84 75
44 33
52 35
53 34
59 22
44 68
9 6
23 34
72 36
42 33
9 43
71 50
38 62
3 4
51 14
58 69
84 60
60 48
62 38
20 71
72 35
43 17
69 48
55 53
57 32
20 36
78 9
49 42
47 51
20 55
4 37
5 74
22 84
50 55
73 61
20 48
58 23
5 10
35 21
65 14
76 60
69 83
50 70
20 23
27 73
21 53
8 15
15 51
12 1
32 25
60 73
54 26
59 54
29 50
10 37
17 64
23 68
65 28
16 20
8 13
18 35
84 59
70 82
6 12
2 73
2 35
53 57
69 8
20 38
8 56
52 74
6 52
49 40
52 5
72 44
23 9
3 5
44 43
85 5
47 43
24 31
56 69
47 27
30 82
40 84
9 53
38 28
20 82
58 15
6 11
58 63
85 13
54 48
32 84
36 63
27 11
4 76
67 29
9 58
36 80
14 40
53 22
42 43
7 36
83 61
60 29
34 85
26 15
82 51
81 26
37 9
61 45
10 84
65 13
1 31
30 69
71 62
16 0
65 2
12 47
4 56
21 44
30 22
59 10
17 1
83 18
41 39
26 2
11 44
24 26
1 55
51 60
29 47
42 79
55 36
51 40
61 44
41 34
39 51
2 50
22 59
64 47
72 84
70 21
23 67
45 47
53 18
69 46
53 51
45 71
23 43
22 18
5 9
37 54
23 68
16 19
18 51
47 11
54 13
48 84
78 0
53 31
50 8
77 0
9 45
44 53
22 55
48 68
57 15
15 20
78 8
56 56
13 22
57 21
63 14
71 84
51 54
28 19
75 30
27 59
23 76
10 9
49 16
6 44
52 44
79 71
56 61
64 29
79 43
44 14
64 42
17 25
56 30
59 52
6 14
84 44
47 12
27 8
76 18
30 50
36 39
9 34
12 20
74 76
75 38
81 66
23 84
7 36
32 26
20 77
32 69
58 35
54 48
34 60
47 30
13 53
79 69
9 66
85 65
73 41
75 6
38 13
21 8
73 19
33 84
23 40
52 27
18 17
52 48
70 81
25 65
17 49
42 23
36 8
41 44
31 73
67 65
33 20
39 49
67 55
74 25
64 9
28 56
67 69
75 51
75 81
70 17
29 50
35 73
41 24
72 53
31 65
25 72
63 12
35 73
51 74
53 68
47 45
64 18
55 59
61 80
82 33
2 62
78 32
42 24
7 3
35 70
48 85
2 3
48 7
85 39
18 61
16 3
50 31
51 83
1 45
73 8
57 27
62 0
42 43
70 81
14 84
20 39
81 26
30 38
83 47
68 50
51 78
57 44
7 75
58 77
0 9
22 74
21 23
66 36
82 38
4 24
8 16
70 62
7 66
83 65
54 29
39 18
20 78
77 50
67 11
62 3
43 40
41 41
17 21
43 28
80 7
29 58
73 7
57 55
27 82
57 70
62 18
15 60
54 68
48 73
63 56
28 78
43 7
78 0
18 14
47 67
16 6
68 78
52 54
24 0
56 17
71 61
1 73
53 25
61 70
26 53
48 38
25 19
60 5
35 48
46 37
65 3
16 5
47 47
21 6
54 0
54 40
15 74
24 24
20 9
12 37
67 51
21 80
32 80
62 80
14 51
51 7
20 72
63 80
64 58
18 72
60 48
52 36
36 54
56 48
41 80
52 84
43 76
34 54
48 65
3 13
23 12
10 76
41 80
79 58
23 41
30 79
16 14
66 2
33 21
3 62
46 67
13 55
17 65
71 37
81 72
54 18
10 27
50 33
48 34
25 37
38 42
64 29
85 8
71 7
55 0
77 14
0 48
0 6
6 16
35 61
77 44
79 78
82 4
70 33
73 54
85 30
72 1
13 40
40 44
81 4
82 45
64 76
58 31
18 5
35 8
51 22
72 14
21 48
50 24
48 81
52 11
37 77
33 39
20 0
23 36
84 76
44 11
82 60
81 44
62 17
1 81
73 64
7 52
82 71
38 27
32 23
62 51
40 66
69 76
63 58
12 26
80 72
83 1
79 41
30 53
13 56
66 67
15 60
49 0
62 67
19 15
62 85
79 20
8 62
45 42
44 14
25 1
76 78
15 28
27 61
33 14
24 54
4 53
63 56
78 30
40 62
24 72
57 8
45 29
30 51
9 53
17 19
63 47
51 73
50 78
73 64
63 62
65 31
39 35
17 51
31 72
46 67
30 81
71 73
42 33
60 57
80 7
36 35
17 78
51 71
61 27
45 10
24 46
20 55
30 44
5 0
53 25
62 12
82 68
51 43
70 81
35 78
58 18
66 52
84 73
51 21
30 53
10 0
19 11
35 21
31 42
52 26
15 43
66 46
30 60
11 26
23 3
19 62
72 61
50 54
29 54
9 30
24 39
6 34
80 42
23 41
47 38
66 11
2 29
10 71
28 4
8 67
55 73
70 67
67 16
0 23
1 81
32 16
15 55
15 70
61 62
50 29
64 85
39 77
61 16
38 7
58 19
44 43
70 59
79 74
16 65
35 31
65 46
26 26
72 50
73 73
44 59
79 28
2 27
48 32
73 31
83 5
15 36
7 49
85 6
69 32
26 67
85 37
78 43
8 52
60 58
42 21
23 3
33 46
7 8
24 11
66 11
42 3
34 8
1 18
37 82
85 29
42 2
73 72
3 45
82 19
3 46
79 24
37 68
18 38
43 52
72 13
76 1
21 68
21 53
3 61
60 48
49 55
60 42
71 11
62 51
69 19
58 3
83 18
28 14
67 37
63 73
19 67
0 67
20 8
31 9
48 41
59 36
69 27
58 63
22 54
7 84
24 43
18 39
47 32
16 14
6 59
28 76
4 48
49 15
45 71
40 5
34 23
8 6
9 63
62 74
0 52
5 45
55 44
36 43
68 4
65 54
24 29
62 67
30 9
39 36
61 40
57 41
20 74
66 60
77 14
45 42
51 64
37 25
73 56
26 11
33 8
3 28
64 5
65 52
5 57
22 60
78 41
49 13
53 14
72 77
73 57
24 35
33 65
21 33
81 20
14 50
77 21
39 23
82 52
78 84
28 13
53 6
25 9
15 74
13 48
34 26
17 64
20 18
42 33
4 70
80 58
59 83
25 84
7 28
29 21
24 76
18 4
39 4
28 37
49 74
68 74
48 14
39 35
70 60
40 83
48 24
32 46
30 25
50 75
8 46
3 33
36 77
85 3
20 78
83 43
15 39
20 84
6 68
3 11
57 7
68 46
5 27
83 20
77 83
54 7
31 25
34 51
47 31
36 51
9 58
71 55
1 5
52 61
79 34
12 25
21 9
32 52
9 30
1 29
76 45
81 52
74 2
66 64
36 6
30 73
36 59
73 53
76 18
71 19
75 7
10 20
43 0
42 20
10 17
1 42
84 1
80 38
45 23
52 27
29 66
54 46
25 48
26 28
33 76
8 32
59 81
17 59
35 42
10 63
24 11
23 4
54 52
55 70
59 36
30 74
20 43
68 50
30 51
6 5
83 42
30 0
14 22
83 68
15 4
81 15
62 52
6 36
12 76
9 78
82 22
82 60
45 54
1 27
55 49
4 38
53 39
5 10
44 76
65 51
17 85
18 46
51 83
80 77
45 39
24 18
6 65
61 29
3 81
67 41
79 1
37 82
1 9
7 43
25 37
30 76
30 67
50 48
85 65
60 2
28 14
57 2
53 29
78 73
80 19
30 16
32 44
61 22
9 71
52 85
72 41
17 14
85 62
64 24
24 55
24 41
82 11
80 78
39 59
47 4
40 84
4 8
31 78
66 34
41 33
2 54
85 55
28 72
38 21
39 69
10 30
19 76
75 57
43 34
52 51
18 10
67 60
85 61
42 52
28 77
56 62
84 30
52 68
7 72
74 52
54 15
27 43
50 77
26 31
72 15
47 40
11 69
81 63
40 28
31 7
22 34
25 26
69 25
72 57
54 18
24 46
36 56
16 45
11 48
45 2
31 37
60 69
13 15
40 77
55 32
81 69
22 16
62 72
69 48
21 14
30 84
19 11
12 58
50 80
4 15
21 7
33 9
36 80
59 40
36 65
78 52
7 35
58 49
8 34
52 54
76 8
17 61
54 45
47 73
22 29
24 56
36 11
48 69
21 22
62 60
16 74
14 82
62 68
5 35
67 66
79 32
33 8
18 18
48 37
22 3
36 39
30 39
37 47
65 33
10 77
32 45
62 42
64 28
46 14
72 50
13 11
52 3
27 31
25 75
17 21
15 5
80 24
8 32
64 54
38 43
84 54
30 48
64 84
14 82
43 5
2 37
26 3
31 75
63 28
35 16
36 67
58 31
28 65
66 14
74 35
31 1
20 73
48 50
81 73
1 60
69 38
53 45
23 35
39 64
63 84
75 64
7 68
56 37
39 79
46 67
78 79
22 29
40 47
40 34
12 2
0 84
48 85
83 32
6 5
28 42
10 53
71 36
55 41
26 15
27 84
24 14
84 44
76 44
24 22
64 60
83 22
69 61
27 77
43 0
27 31
85 52
10 62
45 12
20 85
7 2
44 16
55 46
35 41
64 82
35 14
40 81
33 71
41 58
60 57
73 76
38 80
0 28
3 24
83 10
82 37
80 15
59 71
65 2
25 64
68 47
9 28
32 9
40 35
48 16
20 21
0 80
32 53
85 37
50 45
59 15
68 76
2 73
36 56
41 76
25 28
81 76
34 43
2 6
0 63
1 85
49 39
85 26
28 24
77 77
83 26
41 27
76 67
24 70
63 82
8 1
78 30
26 44
45 20
3 9
53 82
72 78
31 3
72 15
66 34
72 12
80 73
19 24
75 17
12 7
22 20
42 14
31 35
8 83
78 45
26 79
10 16
52 76
19 35
83 66
83 69
78 21
36 33
85 23
25 41
16 33
3 71
4 57
62 59
65 55
10 78
62 78
40 44
40 13
55 84
63 68
55 74
59 51
15 44
19 29
39 0
7 52
49 58
68 33
71 2
43 35
39 75
51 59
35 28
43 35
40 30
81 73
56 10
23 82
33 55
61 22
42 5
53 6
82 2
66 65
21 53
70 21
32 62
66 76
73 21
45 16
61 7
29 26
59 69
43 59
16 48
67 44
21 23
27 4
12 47
10 22
73 44
71 16
44 65
17 42
2 82
35 49
9 51
46 85
49 81
48 56
61 51
11 45
21 20
82 6
48 51
57 5
41 74
71 69
54 84
52 25
4 11
57 16
4 54
1 81
31 20
13 41
81 0
54 80
34 64
14 72
12 3
62 38
16 75
85 36
7 51
76 71
53 62
85 84
36 14
81 17
56 24
83 44
65 54
3 11
71 5
55 71
5 53
80 9
3 77
66 60
53 68
0 49
13 39
7 66
67 8
30 42
42 39
8 83
42 69
51 30
42 81
56 63
22 55
81 20
2 56
31 79
83 18
5 42
76 21
70 44
17 51
12 15
60 16
74 18
78 73
21 51
63 57
66 7
54 60
85 40
18 32
50 82
47 65
52 84
52 8
65 10
3 39
76 29
34 11
79 7
6 71
55 70
6 64
55 34
74 19
82 61
57 68
2 50
66 0
9 63
22 60
1 35
73 13
14 35
83 77
5 15
65 56
56 43
51 20
45 20
72 21
76 53
9 37
44 9
0 80
3 27
54 20
28 8
35 68
26 53
79 52
51 54
22 35
22 44
48 42
29 77
52 34
13 46
27 48
76 29
16 32
26 70
29 0
28 52
17 82
0 5
36 74
84 57
81 44
7 58
71 48
4 30
6 5
23 51
19 64
72 64
26 71
82 12
41 33
2 57
74 28
13 64
26 71
41 36
66 17
47 53
42 12
15 23
44 16
9 76
3 35
56 65
69 13
78 81
84 15
29 2
75 34
72 67
55 25
29 64
77 75
3 78
22 35
36 17
64 35
2 47
6 80
14 36
61 43
46 4
79 56
66 45
53 2
10 71
55 65
30 76
73 35
3 27
73 83
38 28
85 67
26 30
80 22
33 84
61 80
15 41
27 27
3 58
72 41
45 17
24 71
36 85
52 43
76 58
56 6
79 31
50 73
6 84
38 60
49 58
60 37
18 9
75 21
35 52
43 77
42 39
27 14
29 46
68 3
59 1
27 71
3 31
73 38
42 9
59 22
30 39
43 35
70 22
49 48
67 27
78 62
25 1
28 56
65 53
4 37
44 60
80 29
22 18
36 13
60 7
0 10
33 32
33 54
27 27
66 59
57 30
41 4
76 2
36 2
63 52
37 77
20 52
65 70
34 12
26 2
60 13
71 35
6 18
16 7
50 16
6 70
43 20
55 29
68 67
71 74
63 4
0 1
63 19
58 29
5 64
65 68
15 3
25 5
79 74
79 12
1 6
45 76
10 82
20 41
54 46
10 16
72 31
45 83
36 77
64 74
81 31
11 12
32 46
65 5
14 23
59 3
75 74
39 67
80 64
24 73
38 64
81 38
85 37
20 27
5 59
30 16
8 50
42 16
8 42
33 3
78 44
1 26
10 59
22 19
3 35
65 42
84 63
70 20
48 75
46 36
53 31
10 66
77 49
40 41
65 65
43 58
53 74
21 80
79 45
54 51
30 84
50 29
51 54
17 70
76 16
32 62
7 37
81 33
77 41
54 35
28 50
12 28
74 43
50 71
3 3
21 81
30 67
40 22
52 20
57 85
59 55
61 11
47 43
24 74
23 28
46 32
41 55
2 73
8 73
39 47
82 58
61 14
22 55
14 9
5 44
12 3
61 26
77 28
49 21
37 41
59 62
54 35
80 65
41 30
27 26
83 55
28 31
57 35
7 61
52 32
82 46
57 70
38 31
83 60
16 36
63 24
38 13
58 70
67 58
67 29
67 75
4 8
27 6
11 18
13 61
13 36
53 85
68 65
75 76
0 79
82 83
73 83
47 15
53 27
27 79
2 73
46 15
62 33
62 55
61 70
62 33
7 66
54 28
23 75
45 41
37 2
77 12
73 72
54 22
1 79
37 79
82 58
55 68
40 3
5 81
16 21
82 24
51 16
14 66
11 53
64 51
31 76
5 14
10 67
4 19
85 1
14 46
59 42
63 69
53 68
23 57
23 57
70 4
65 78
20 34
44 37
3 69
8 82
80 49
40 83
79 61
19 4
30 61
78 56
63 10
49 75
24 7
30 85
12 74
12 66
34 61
56 79
56 71
29 50
25 11
41 27
35 50
47 77
23 31
34 0
56 53
63 66
50 18
47 3
37 46
77 16
52 25
35 59
83 28
11 29
52 67
61 67
61 21
8 46
19 9
79 24
65 49
61 40
26 73
1 9
30 36
33 40
53 26
15 4
30 82
58 31
62 19
37 41
30 30
53 42
70 51
79 58
48 85
36 75
2 72
72 13
41 58
80 55
74 63
70 58
12 59
12 24
60 30
63 76
71 19
30 63
19 12
25 71
50 29
35 10
17 68
37 83
75 83
76 2
18 71
52 64
20 58
10 85
58 22
5 48
11 49
42 8
50 21
53 62
29 16
76 23
19 42
77 67
30 17
17 72
25 65
54 68
2 38
21 5
73 66
42 63
56 34
79 5
31 6
41 44
51 43
24 2
18 33
40 19
60 1
23 30
31 6
69 39
32 47
44 55
85 53
76 79
40 8
3 38
58 67
22 80
65 66
19 67
79 17
59 16
78 73
66 3
16 31
2 27
54 12
30 29
78 17
77 5
42 21
17 47
52 68
71 29
41 22
54 84
55 2
24 0
62 7
82 66
6 12
51 80
17 8
18 12
10 29
28 39
24 69
68 11
52 19
18 28
23 42
31 38
36 21
42 60
8 79
23 85
84 74
27 25
27 34
17 76
49 16
10 7
37 81
77 80
19 58
55 10
22 35
19 53
36 56
53 79
49 27
68 3
50 65
55 42
62 34
63 11
62 36
42 70
82 24
2 21
62 21
6 4
41 58
14 62
15 65
33 75
80 82
58 42
74 36
58 44
81 5
76 14
28 11
19 13
36 55
18 22
64 83
15 74
1 70
83 31
73 20
27 45
15 47
53 84
12 61
40 74
63 31
27 82
72 33
61 31
3 84
42 57
29 73
73 1
48 72
78 63
70 58
10 34
69 64
40 58
47 70
23 71
21 43
85 12
8 77
71 37
18 21
47 54
55 68
64 25
13 79
10 21
18 2
62 68
18 81
23 48
23 5
64 46
33 0
78 5
52 12
19 74
67 7
23 48
59 45
0 49
59 25
52 76
61 77
61 70
26 68
34 31
49 12
25 68
7 12
12 23
53 7
38 8
81 27
62 46
60 9
8 13
42 54
68 52
13 64
28 83
15 18
5 12
13 15
59 54
40 63
51 83
45 2
10 38
54 44
63 23
24 2
81 58
73 31
6 26
82 43
11 84
26 28
64 64
65 40
47 58
23 39
0 47
18 47
63 74
13 73
71 4
70 31
43 59
70 56
24 26
67 85
64 67
25 69
43 31
2 23
1 47
57 28
55 42
35 18
20 20
80 65
5 29
70 85
12 15
24 19
77 13
59 30
82 45
33 42
40 17
18 48
8 27
79 81
81 23
78 25
15 18
1 64
13 4
24 12
72 38
28 14
7 10
26 50
23 73
36 11
64 45
27 43
8 79
49 47
8 36
77 62
7 35
41 40
33 54
73 57
75 52
23 34
70 84
3 8
73 66
13 63
12 72
1 85
77 12
48 34
11 81
10 65
80 68
82 78
30 31
79 42
44 45
84 9
35 54
56 19
45 57
27 65
51 65
48 4
78 46
79 38
38 2
41 75
26 65
4 55
47 74
5 63
77 17
31 69
57 18
33 39
70 62
69 1
74 51
66 55
35 69
25 56
10 2
59 62
70 26
73 84
19 26
37 64
37 44
50 56
0 25
46 29
63 39
6 27
23 59
59 52
62 79
56 54
4 81
4 27
80 49
14 67
52 84
55 85
4 29
43 29
11 45
82 3
9 37
39 47
35 4
57 70
51 11
15 33
27 73
63 28
18 33
65 73
82 6
41 50
23 84
47 31
18 63
50 6
14 5
14 31
74 71
79 80
74 49
65 42
29 43
4 82
23 6
36 65
64 25
53 28
43 70
30 4
18 85
20 74
3 54
70 41
27 23
22 83
42 22
72 76
69 24
46 48
16 41
84 57
19 50
0 60
60 38
17 66
79 59
5 34
80 11
82 25
39 6
18 54
37 58
57 59
0 26
13 23
67 18
47 32
45 64
79 11
66 69
85 83
63 61
37 61
52 61
71 57
0 84
64 9
41 27
44 17
66 0
75 10
50 24
21 37
56 54
10 78
45 73
50 23
78 77
21 54
17 81
79 77
12 48
54 15
48 64
66 38
50 83
25 48
78 80
34 39
19 1
59 1
46 46
22 33
20 7
15 66
73 4
27 77
1 35
70 16
22 73
22 29
7 20
81 39
72 16
17 16
27 46
77 39
7 76
36 76
4 37
36 74
45 13
42 3
76 77
9 83
37 26
44 60
70 82
46 51
22 15
60 82
18 24
79 73
72 40
35 3
5 35
21 51
76 59
21 36
32 14
29 70
75 79
71 3
50 27
28 40
70 51
48 9
38 12
0 81
3 4
65 72
74 36
43 4
61 70
12 44
42 78
79 55
25 81
45 41
44 35
21 73
10 18
84 4
68 37
12 11
65 15
69 31
35 42
11 9
83 64
60 44
58 38
41 44
53 82
83 3
32 85
83 26
32 51
8 23
44 28
44 16
47 0
25 19
80 27
52 36
34 44
68 13
13 9
56 83
11 60
77 10
4 18
71 28
17 2
42 27
80 30
36 41
59 51
69 56
66 50
84 43
77 73
5 54
10 16
74 29
11 46
54 81
19 47
35 34
55 47
77 54
69 59
45 47
31 15
54 42
17 7
36 50
34 82
10 1
47 17
17 39
22 3
57 82
5 19
82 18
72 1
71 77
35 64
28 0
55 83
81 45
0 57
2 79
49 27
74 14
33 53
82 61
5 23
76 53
20 55
85 16
26 48
39 70
15 46
5 62
12 0
82 69
37 44
66 42
56 34
38 48
47 15
19 79
41 5
44 37
33 50
44 82
30 21
79 74
44 11
7 38
84 54
2 12
66 58
45 41
24 76
25 35
11 49
33 78
11 10
65 15
32 34
33 26
71 40
65 15
64 23
59 75
66 61
16 71
34 8
68 7
3 61
73 11
18 6
5 7
82 21
21 11
74 4
45 17
41 67
57 32
24 43
83 74
52 23
78 25
20 8
53 32
61 52
10 1
8 37
43 28
83 29
46 73
16 37
12 62
63 79
62 32
16 29
81 69
28 27
82 6
12 85
75 43
67 66
60 43
14 81
65 76
20 55
17 51
4 80
49 39
76 48
71 6
33 80
34 63
58 69
25 41
73 67
84 15
10 8
56 24
75 10
5 9
15 81
19 45
68 46
15 56
77 47
50 76
38 11
16 37
11 69
12 73
12 51
64 23
24 37
77 62
15 0
12 41
50 78
73 29
34 65
71 13
41 64
4 43
56 48
63 2
8 13
5 40
67 17
55 1
74 46
40 39
52 69
36 65
77 61
79 8
53 9
82 18
28 28
25 73
34 78
57 78
32 66
16 52
36 38
82 77
63 35
60 67
44 45
16 39
84 62
68 61
62 54
50 43
4 52
5 72
78 49
68 53
54 80
54 48
42 12
64 33
24 49
79 19
51 70
73 36
25 65
25 26
34 70
31 49
38 4
78 0
71 40
71 19
58 30
36 0
26 68
63 82
17 28
4 4
11 15
83 61
70 20
20 51
71 66
64 50
38 75
38 31
7 31
30 62
84 47
77 82
15 24
16 16
82 7
21 49
85 13
26 81
16 8
31 9
68 52
35 2
21 56
47 14
7 14
75 17
24 14
75 36
70 33
39 70
32 78
57 76
9 9
47 46
58 76
25 10
45 18
58 0
11 14
76 33
84 31
0 76
53 76
76 79
22 85
48 70
79 75
50 31
18 10
80 83
70 50
25 67
2 53
5 81
84 11
30 35
29 59
35 35
31 71
59 84
1 76
24 58
77 54
27 12
28 72
42 14
72 80
34 60
21 60
14 20
31 81
36 55
9 72
2 68
2 84
20 44
49 65
72 33
45 0
16 74
66 13
71 4
40 17
14 37
23 83
46 60
3 30
84 32
30 3
30 72
51 43
67 29
74 0
61 38
37 81
78 85
35 49
78 4
31 65
0 68
46 41
30 74
21 70
4 59
49 8
47 9
31 82
54 36
75 37
74 3
48 76
24 60
49 56
14 77
52 58
36 79
77 73
80 12
8 36
16 36
2 32
83 25
42 41
80 25
62 11
77 52
57 27
2 41
67 63
51 42
85 47
43 58
47 16
25 11
78 73
23 56
8 15
29 68
7 59
13 69
2 69
18 37
0 14
11 16
15 13
36 48
68 11
66 10
68 8
85 22
77 80
45 10
22 9
85 60
11 19
15 74
34 64
7 21
29 31
81 3
21 6
8 51
1 72
38 45
53 16
22 74
62 41
62 4
15 75
21 83
49 14
79 57
57 21
19 43
32 75
38 11
2 35
40 46
74 67
61 15
36 44
81 39
19 50
59 40
47 83
51 22
73 82
4 79
69 44
67 26
45 62
74 60
40 70
64 64
79 32
67 44
54 46
13 37
13 27
48 72
49 33
34 80
61 58
11 40
27 52
16 77
38 46
47 85
62 54
35 80
19 40
80 31
41 25
54 4
71 53
38 32
35 27
61 38
45 62
5 2
14 0
75 57
5 14
72 44
15 25
53 80
77 14
38 32
54 6
52 84
12 28
52 69
81 33
65 24
48 62
20 32
45 81
35 58
65 57
26 20
37 31
74 6
58 52
85 63
68 68
78 49
25 30
79 28
76 84
76 28
18 63
66 67
1 84
20 2
13 26
24 67
52 25
4 29
13 31
72 76
63 8
63 45
43 50
62 51
67 43
11 43
43 84
21 40
60 35
77 5
10 42
21 53
12 4
69 59
45 44
57 67
37 8
70 47
84 80
81 29
34 32
71 31
10 39
70 63
72 18
4 15
65 30
33 45
84 68
11 33
48 59
78 65
2 56
72 31
46 66
61 11
52 1
18 7
85 37
74 31
36 26
46 33
29 50
46 40
46 62
32 23
64 42
71 33
54 74
82 60
12 52
59 60
63 64
2 5
79 30
0 59
61 46
61 69
66 67
61 59
39 1
23 11
37 2
39 1
14 13
71 41
68 60
65 13
43 4
52 53
14 70
37 25
13 0
12 35
47 64
61 77
56 81
16 73
5 37
42 65
54 64
69 7
62 69
76 16
78 34
18 55
56 14
20 72
70 53
23 3
4 31
81 18
66 12
4 53
82 3
58 64
21 8
52 80
9 8
9 24
73 11
56 74
8 70
53 1
13 71
39 84
52 30
71 11
60 41
65 28
22 57
27 53
47 22
79 1
60 43
68 58
36 8
73 80
80 64
48 42
31 38
20 20
13 27
74 60
10 48
40 53
19 17
2 11
47 2
78 61
38 52
12 13
48 12
60 59
4 1
50 7
6 25
65 17
78 67
38 29
7 24
16 83
20 85
74 21
65 40
16 67
37 46
33 85
25 6
0 48
30 33
38 66
60 56
7 12
75 55
84 22
84 16
55 78
23 63
1 27
73 64
29 71
14 83
0 61
12 10
1 80
48 57
72 25
54 11
55 60
24 25
53 17
39 28
28 49
51 55
41 78
75 33
74 2
1 32
9 75
18 77
18 33
31 82
21 45
50 59
55 31
27 35
77 84
76 50
23 72
75 67
69 21
37 74
28 29
12 28
40 19
6 78
49 1
62 5
61 7
50 20
11 27
49 62
26 76
5 11
60 54
39 80
57 78
47 8
38 41
29 64
37 9
33 48
37 61
70 75
7 60
73 9
6 79
21 76
35 61
25 32
35 43
16 68
58 14
5 23
61 78
39 64
50 39
9 30
81 72
75 77
78 25
0 66
30 69
22 80
73 84
79 50
61 60
55 46
75 72
65 15
59 44
46 20
10 54
43 5
18 13
67 85
17 69
42 42
4 15
23 32
57 54
65 66
30 13
77 23
66 84
47 38
10 5
56 56
73 4
48 0
43 7
35 70
75 36
47 16
32 19
4 55
83 37
53 0
38 55
7 23
80 69
45 73
32 6
65 38
22 83
23 49
58 41
39 41
38 36
42 36
47 61
7 21
7 65
27 53
84 26
60 41
35 16
32 27
34 51
3 44
73 80
57 39
45 42
83 8
62 45
62 46
78 82
4 60
40 78
57 60
16 73
5 74
85 4
73 80
35 53
29 71
66 8
6 82
66 53
4 75
9 67
75 27
57 37
56 5
63 39
7 28
73 19
16 16
35 65
83 38
56 61
56 27
48 24
48 18
51 54
39 14
39 18
61 85
13 18
59 58
29 69
73 80
0 46
11 37
42 81
26 66
54 57
12 83
6 31
23 85
0 6
32 13
10 48
80 5
51 9
4 56
82 12
66 16
78 18
22 16
14 39
79 36
20 69
65 57
9 74
72 59
55 42
22 11
25 51
19 70
55 32
49 23
2 70
67 78
27 4
79 16
20 55
55 71
35 39
47 55
23 55
6 79
19 42
29 50
36 44
4 4
24 75
45 47
69 43
29 81
32 0
18 6
63 80
44 24
25 65
82 21
54 37
22 41
84 9
6 50
12 21
45 78
3 63
44 38
84 28
56 10
7 72
53 44
42 11
15 81
2 1
21 51
74 17
1 9
51 49
71 20
57 63
77 46
0 30
56 64
69 68
52 8
18 12
18 34
68 45
75 14
68 79
4 25
33 71
52 22
69 71
73 80
23 72
85 56
31 30
11 53
52 27
5 55
22 32
61 23
0 61
31 7
64 9
68 40
53 36
33 45
30 8
27 52
64 14
82 16
11 12
59 40
4 75
54 17
49 70
74 72
61 61
33 71
31 52
15 44
46 47
55 27
36 7
51 26
68 81
48 28
30 36
78 80
61 82
63 49
50 0
16 58
10 58
31 83
41 34
76 12
12 55
69 10
82 66
75 52
20 26
11 15
18 72
12 23
67 17
85 73
64 64
27 80
65 53
75 29
52 78
27 23
38 78
30 18
64 50
79 85
14 3
81 9
50 71
68 71
53 47
81 26
59 70
75 44
14 47
41 34
33 62
75 36
32 37
13 64
9 48
69 25
76 55
52 60
85 2
36 11
62 23
84 29
26 57
30 21
38 65
54 23
59 71
11 32
1 78
64 67
29 13
33 70
33 17
17 36
56 14
27 37
36 34
72 11
34 13
13 12
0 50
13 66
32 4
54 16
32 70
44 54
34 12
81 7
36 28
73 48
31 59
33 33
34 82
58 73
52 68
56 70
66 13
62 46
6 30
26 58
2 46
63 59
71 11
85 49
8 43
38 66
29 29
29 8
29 70
2 59
62 76
81 42
78 20
38 23
74 63
80 49
31 34
52 38
41 51
79 42
65 68
20 36
77 46
85 4
41 18
2 53
4 27
51 6
7 0
28 37
27 47
83 84
41 8
22 79
72 42
30 20
77 59
31 53
72 42
80 4
14 84
83 54
51 83
6 36
33 3
29 81
35 79
4 37
36 46
36 52
34 61
18 22
13 80
40 46
14 28
31 59
41 23
66 2
27 24
60 5
7 85
69 54
72 70
68 36
73 67
67 35
75 43
65 24
51 64
24 23
33 44
64 71
83 61
14 0
52 13
82 14
46 80
69 76
72 1
80 37
26 26
29 59
77 48
13 59
74 50
66 1
81 1
33 84
56 70
70 47
45 56
85 41
80 11
31 59
62 28
4 9
16 51
60 12
73 51
83 72
61 74
72 0
56 55
61 34
5 53
6 22
68 40
28 67
16 0
3 31
74 11
22 40
65 80
74 10
5 58
58 1
66 53
81 74
20 53
11 35
65 16
36 32
45 17
60 34
68 45
38 33
16 61
45 0
33 58
5 48
82 59
41 49
29 17
60 9
41 14
66 25
1 47
35 84
80 79
31 21
46 20
70 51
57 58
15 13
46 38
19 59
70 70
72 64
85 65
40 82
51 3
69 3
64 57
30 67
19 58
69 21
78 50
8 4
84 23
51 42
3 40
54 27
51 22
63 75
49 0
21 76
45 0
63 59
17 52
52 46
25 47
45 63
50 31
9 19
12 60
64 24
81 44
13 85
68 44
22 61
31 30
75 16
65 45
45 75
85 24
62 3
67 44
79 30
13 72
25 51
38 56
18 3
29 77
3 45
4 34
4 37
82 35
10 34
11 11
45 38
27 78
9 45
6 56
51 28
19 8
57 75
4 68
68 44
22 76
12 55
20 48
54 79
45 76
41 7
25 6
72 52
71 5
18 16
64 67
43 12
13 73
67 64
36 48
75 82
77 32
73 9
84 49
38 72
27 18
33 2
1 45
10 62
44 37
5 61
62 30
10 37
5 64
69 24
38 59
26 19
70 42
77 13
21 24
8 53
48 14
39 42
58 72
28 79
59 45
76 8
58 60
51 21
48 80
16 18
1 57
85 70
62 34
25 80
7 30
37 42
71 54
16 77
11 25
61 58
25 13
72 56
63 77
10 32
61 3
18 15
30 56
77 57
30 27
83 56
66 80
75 52
39 70
54 39
71 46
79 80
39 41
83 57
2 85
70 79
19 33
9 70
70 77
58 62
33 63
41 40
12 3
23 28
67 38
43 13
52 33
18 39
40 23
17 61
84 42
12 26
11 66
21 9
21 56
19 28
39 73
64 16
25 67
55 74
17 72
44 41
54 69
75 35
51 43
11 76
84 6
74 54
39 36
59 76
59 49
30 74
53 77
19 77
36 55
5 8
2 6
16 65
69 35
85 62
42 12
34 56
5 27
1 69
37 23
47 11
5 14
7 45
78 23
14 56
62 83
28 31
48 2
58 83
17 65
43 4
82 13
49 19
39 5
68 59
70 59
3 77
62 77
68 84
20 23
80 81
27 34
42 15
69 79
60 85
64 64
3 1
35 34
63 20
33 44
37 66
76 12
13 47
85 57
16 22
54 71
79 2
78 22
66 23
61 14
27 66
48 15
46 65
81 56
10 73
32 47
3 0
71 76
13 46
20 71
51 83
65 8
59 48
32 13
78 61
20 41
47 71
28 6
34 81
17 85
62 65
79 42
65 43
27 30
53 84
71 21
74 28
50 42
70 57
21 18
46 36
74 73
19 45
19 33
21 80
31 13
62 41
67 68
47 78
3 21
29 57
82 16
76 76
77 47
54 73
6 0
18 17
82 84
50 16
0 57
20 14
42 59
5 61
4 37
19 76
7 74
45 73
0 82
70 65
45 37
44 67
41 74
39 9
49 3
32 53
15 37
53 83
72 4
7 60
80 18
31 55
78 2
1 61
62 8
65 18
25 16
21 55
5 11
21 26
20 42
85 13
11 4
80 52
9 83
25 73
84 31
75 7
81 12
33 41
50 4
81 20
12 71
78 7
20 59
70 35
16 18
53 78
29 41
22 67
2 58
75 49
50 39
63 25
0 5
16 79
4 19
47 3
2 84
31 82
39 32
18 72
66 9
80 16
51 37
61 31
39 67
58 52
50 62
54 12
32 77
10 22
38 69
37 62
18 12
17 75
10 73
85 74
20 13
55 50
36 23
10 57
83 20
53 48
22 60
54 57
41 66
42 65
38 50
80 27
80 36
33 43
27 1
51 35
2 34
18 25
26 71
15 63
76 60
8 37
74 37
68 22
83 42
34 61
36 14
29 75
25 50
83 10
51 65
2 8
2 75
73 43
30 72
37 29
52 9
49 63
72 32
77 58
51 26
40 78
65 15
48 74
69 21
15 79
52 74
66 76
61 38
46 3
42 58
75 22
47 58
52 47
33 77
1 0
52 47
54 81
68 50
37 43
40 29
54 54
59 40
76 34
34 18
54 55
21 71
31 77
80 66
6 75
43 6
40 85
66 51
2 13
17 56
12 25
26 17
16 42
3 7
39 55
78 15
30 59
46 57
72 64
41 39
69 26
83 23
71 74
48 0
63 77
54 52
14 83
59 34
45 83
7 63
24 49
20 82
7 84
54 59
81 58
68 64
73 67
68 25
3 7
44 44
20 19
0 61
33 70
73 75
83 63
73 60
4 78
62 20
79 72
54 13
7 4
31 56
23 52
46 6
18 28
71 14
70 12
79 5
54 59
49 59
70 83
71 79
65 84
21 61
68 63
41 19
52 26
22 66
80 47
6 69
70 67
54 42
30 75
43 16
36 64
66 74
43 81
44 0
21 23
27 14
52 74
26 60
28 40
54 60
30 4
74 82
75 2
1 34
48 38
30 65
38 0
61 63
1 43
30 34
7 3
7 46
83 79
85 67
66 60
5 81
29 21
20 59
56 1
61 37
44 26
77 31
13 65
69 9
72 51
34 9
5 20
26 8
75 1
83 17
28 70
44 67
38 23
53 67
33 85
0 25
77 33
46 56
21 9
56 21
53 70
64 59
17 66
37 74
45 48
78 0
22 24
69 82
81 2
74 13
59 77
13 75
2 67
50 85
47 66
39 83
16 34
12 68
27 48
29 76
19 6
74 50
48 58
18 61
30 55
64 35
36 40
27 43
18 73
45 21
69 53
41 12
31 15
51 30
12 84
10 40
85 24
85 78
85 2
39 12
15 22
37 10
25 15
1 41
15 32
6 50
57 68
37 71
37 36
33 25
18 21
64 20
66 38
31 8
70 39
30 10
38 72
40 81
50 64
32 0
24 67
49 44
84 80
26 35
79 48
61 17
17 63
1 11
45 12
30 84
49 69
22 26
66 24
62 49
72 67
25 5
26 36
50 17
47 68
69 8
50 27
51 9
42 27
6 30
1 34
43 25
49 54
0 47
63 15
32 16
39 32
72 65
65 56
22 73
8 18
13 20
54 1
22 70
83 45
27 5
72 27
27 22
30 19
68 19
10 44
41 51
15 57
62 2
27 51
47 16
2 29
33 58
61 85
29 61
16 36
53 8
78 38
46 83
43 3
26 72
40 77
60 45
85 79
27 48
49 31
27 80
7 43
45 23
63 35
61 18
51 63
14 50
70 26
4 60
44 85
52 15
76 20
83 72
85 67
53 21
66 24
58 28
27 75
8 72
17 4
17 54
83 58
64 48
16 3
57 81
4 17
14 66
55 85
26 78
53 56
44 21
79 78
15 65
77 78
1 7
13 1
13 16
49 25
65 47
73 12
54 69
75 75
22 48
7 40
30 10
34 57
5 79
11 3
30 75
0 80
6 47
31 33
18 36
76 49
7 46
7 60
46 85
81 5
58 5
66 17
55 49
40 40
70 24
31 3
24 65
13 35
57 59
52 7
56 80
10 0
36 9
31 69
36 20
64 43
42 5
3 37
68 79
0 27
20 33
78 41
50 82
61 59
63 41
67 60
40 27
50 41
80 5
59 14
53 55
31 77
23 78
82 55
5 4
8 61
39 57
45 49
58 71
12 52
75 48
83 33
69 68
11 55
33 42
11 71
58 3
74 13
48 35
45 30
20 63
4 40
26 76
24 78
70 81
78 50
67 1
22 71
54 40
85 45
65 75
21 44
36 4
5 63
69 44
63 39
54 56
85 66
52 17
65 17
56 49
69 6
52 59
71 43
61 26
63 58
28 21
16 5
5 11
80 7
57 75
59 22
31 32
33 53
69 84
16 85
78 55
29 3
50 85
26 12
84 79
64 81
26 39
70 3
31 27
41 58
35 69
42 84
38 60
33 76
70 1
29 28
18 60
10 47
28 68
46 37
75 53
68 32
56 27
36 66
37 30
8 23
13 34
36 82
32 16
5 7
46 53
38 85
38 39
35 68
29 5
50 73
12 54
46 19
27 4
16 64
43 5
45 26
41 0
39 83
63 63
34 62
82 42
8 80
74 12
53 14
45 84
21 24
19 42
61 80
5 45
79 17
55 20
84 41
12 55
14 24
53 78
33 17
24 50
83 61
40 56
64 81
28 37
62 24
85 69
63 59
69 83
8 34
9 13
33 71
16 5
48 78
76 48
55 11
2 63
74 26
49 58
82 19
34 82
73 54
61 31
82 60
9 34
73 72
55 85
36 14
14 33
69 26
66 17
17 13
22 23
49 9
19 15
82 41
14 61
24 2
53 37
79 72
9 56
1 26
74 34
52 31
75 39
4 25
57 84
72 56
52 6
77 10
72 50
55 50
84 26
62 11
52 47
11 53
19 68
67 15
24 71
41 4
29 20
28 65
42 43
61 1
7 38
61 12
76 3
10 65
34 52
52 66
37 19
84 0
6 9
23 34
81 47
80 31
39 26
21 8
27 85
14 68
49 51
44 35
51 2
43 6
6 75
40 63
14 20
12 52
17 76
82 84
60 42
16 7
3 78
8 61
53 69
46 32
60 41
32 15
6 48
43 63
20 72
23 7
14 34
44 84
7 41
84 75
71 15
9 73
69 84
79 24
61 52
37 47
53 42
49 80
65 37
65 44
82 15
0 82
41 79
76 42
10 49
71 29
53 12
75 38
63 18
83 12
0 34
76 75
56 58
25 63
54 30
19 1
47 43
4 14
75 38
74 27
30 78
45 40
12 67
48 84
67 32
66 39
76 30
18 42
1 60
65 9
77 33
33 84
71 75
16 36
31 40
30 34
32 16
17 29
80 5
44 22
1 69
83 34
76 68
12 14
55 41
51 73
62 69
62 65
63 54
65 28
51 17
3 76
10 17
63 57
84 70
75 66
27 5
47 19
34 30
59 0
55 11
30 41
19 75
1 46
72 29
82 82
75 57
80 43
57 64
61 24
64 25
26 67
51 38
24 38
54 14
70 16
85 58
36 9
0 66
76 54
1 19
4 50
78 52
85 68
50 42
83 57
63 21
21 28
80 66
27 30
46 62
64 17
80 62
15 64
7 1
72 11
66 54
76 81
42 32
26 72
39 10
9 50
9 4
15 65
61 40
37 39
43 23
40 75
48 77
74 31
8 72
10 51
48 36
41 80
48 79
45 25
52 73
18 24
19 69
74 46
39 63
38 84
36 40
35 56
81 63
3 74
51 58
11 67
19 63
25 36
72 35
36 36
70 20
27 27
38 5
48 41
31 54
71 6
36 23
1 69
70 52
11 37
10 14
59 17
28 48
28 45
67 14
60 51
29 32
83 70
46 49
10 10
51 23
14 52
0 46
37 17
8 56
70 72
48 59
39 2
83 15
20 71
44 72
31 54
39 41
3 10
40 48
30 50
48 84
60 68
3 32
11 46
40 11
14 56
21 68
56 85
61 23
78 8
76 8
8 79
53 74
30 35
63 60
74 70
32 3
80 10
67 53
59 13
52 70
69 11
56 30
28 50
35 43
38 15
25 52
1 48
44 17
56 43
32 27
58 38
71 33
1 37
85 22
4 74
81 39
1 43
66 43
40 42
37 47
36 8
83 35
77 5
68 71
32 81
52 65
51 20
16 85
47 67
24 68
13 1
80 65
3 30
28 0
48 71
18 49
54 59
52 36
58 4
17 70
62 10
41 82
70 39
18 51
82 38
19 56
44 52
54 65
29 4
72 51
51 12
21 40
76 59
81 29
25 29
84 35
77 85
34 34
9 31
32 17
78 58
26 27
26 52
80 85
53 8
53 25
37 35
0 1
74 29
71 29
50 39
66 40
8 32
16 1
75 36
60 84
65 7
5 6
11 3
71 20
12 28
81 23
3 23
69 70
1 63
32 4
34 3
78 83
64 60
23 69
15 65
64 64
54 27
64 75
25 29
66 18
33 82
11 41
24 62
20 77
8 42
44 77
56 56
28 9
77 8
12 58
78 52
51 46
43 56
21 27
3 5
67 24
23 31
64 78
81 81
43 5
11 38
20 24
84 68
22 74
63 2
12 48
80 71
62 4
57 85
8 9
41 77
12 85
56 28
68 22
76 36
64 28
75 76
79 61
63 6
55 3
8 69
2 14
68 18
30 58
32 74
85 11
17 61
51 14
68 56
56 45
41 46
33 64
25 16
12 16
15 31
58 57
77 60
79 33
43 58
16 4
37 20
52 46
27 24
40 2
78 61
34 47
2 76
45 78
41 47
83 59
60 55
16 85
84 66
10 43
79 48
30 22
11 12
50 75
20 21
37 72
7 58
50 50
59 23
17 24
79 55
18 3
0 74
69 67
58 35
19 66
78 8
16 18
42 12
45 72
39 77
20 18
20 36
22 63
42 8
70 48
56 41
10 33
33 73
78 40
2 33
75 35
56 19
15 21
72 17
40 27
73 42
77 61
36 28
3 24
74 67
83 52
83 53
68 45
59 31
65 65
85 41
75 82
23 17
2 37
59 10
16 3
80 2
8 84
33 1
65 25
7 26
4 21
16 15
76 6
63 42
49 2
41 80
31 25
64 29
43 57
8 21
23 74
48 62
81 72
47 41
62 33
69 5
27 42
35 58
17 12
0 72
82 27
80 35
52 28
85 64
16 82
25 51
53 82
39 64
73 72
2 59
3 9
64 37
61 53
78 6
24 24
79 31
56 85
38 77
21 75
3 6
79 78
76 83
57 66
13 40
83 45
46 52
12 83
78 16
75 65
37 18
36 82
39 82
7 27
78 2
20 76
0 26
78 8
24 79
59 37
43 5
57 34
19 42
40 69
10 76
19 48
27 38
46 85
41 22
67 60
5 68
58 76
77 42
20 83
63 72
53 23
69 83
41 63
75 63
6 52
17 84
56 22
31 34
66 17
2 61
18 6
45 12
71 82
77 22
40 42
26 36
21 3
54 52
45 29
6 8
34 33
41 38
71 52
68 60
66 30
36 36
1 31
18 67
52 74
14 36
10 22
40 3
38 19
70 79
54 60
64 32
6 58
41 56
33 27
34 39
44 79
27 79
32 28
64 50
74 31
58 52
19 70
59 18
73 63
79 49
54 22
0 79
28 73
1 40
49 55
62 45
40 16
49 53
14 2
13 61
83 35
14 62
51 0
32 32
37 18
44 15
59 27
63 66
47 77
11 48
39 52
81 78
67 38
79 77
49 26
3 54
83 42
44 11
20 33
24 79
76 0
75 10
80 82
71 41
0 73
31 32
53 11
60 39
54 21
79 50
9 43
29 28
57 50
14 35
79 67
76 3
7 46
81 83
57 56
15 45
3 12
66 36
56 4
53 12
72 65
18 31
43 59
66 81
64 43
64 24
78 76
64 59
50 48
77 15
22 47
55 20
75 22
13 13
45 82
19 55
82 53
28 2
15 69
11 59
11 72
36 46
71 70
1 1
19 20
50 30
56 64
77 22
30 29
17 68
23 62
30 51
47 0
76 1
7 28
84 72
64 83
15 27
51 24
15 58
28 43
61 17
24 56
22 67
74 2
62 47
21 68
4 46
25 46
26 22
47 0
76 2
9 1
5 47
43 30
37 80
73 55
40 15
40 72
25 25
31 62
23 80
2 35
47 83
38 59
18 57
54 5
41 9
84 20
61 55
43 30
11 39
73 52
27 75
24 15
44 25
25 59
69 59
65 49
11 41
45 78
26 1
29 58
8 4
76 63
18 80
84 82
39 1
8 73
27 47
74 1
63 43
9 28
71 22
52 51
72 74
74 59
31 23
12 42
24 16
41 74
79 55
49 67
1 18
80 9
31 35
51 7
32 80
37 5
61 5
59 42
35 70
37 49
17 80
69 2
79 67
78 53
16 21
59 82
16 10
84 52
23 62
12 35
44 1
27 54
7 35
84 45
82 62
55 65
45 22
66 69
55 74
17 53
19 54
17 64
58 4
2 61
39 14
85 57
24 77
0 47
36 62
2 22
80 76
22 0
38 10
73 44
53 25
59 2
51 54
13 8
72 17
34 2
43 84
78 17
12 33
66 71
21 68
18 53
79 61
27 49
35 6
75 42
34 30
77 12
75 76
58 54
63 1
45 69
56 61
49 7
39 22
12 34
26 71
64 31
51 44
47 50
65 35
0 4
50 28
17 7
69 73
15 45
14 36
76 46
12 10
58 60
25 21
78 84
62 84
78 7
32 22
47 16
1 33
65 81
41 24
0 49
62 5
29 83
19 9
48 81
40 66
8 69
43 72
40 52
76 55
43 84
19 69
83 77
19 37
74 61
32 52
76 62
21 33
77 48
72 34
16 40
73 59
17 12
26 45
49 4
16 13
59 26
11 12
11 35
16 20
64 79
19 35
79 85
11 25
13 49
31 42
48 64
63 47
45 20
54 50
72 72
4 72
12 70
37 33
5 75
10 53
75 29
21 85
20 84
45 1
57 51
63 36
51 28
57 51
2 51
59 49
20 62
30 18
50 78
67 76
23 48
35 58
79 47
34 52
67 47
33 25
67 6
60 36
43 26
42 8
25 28
58 33
73 57
71 81
37 85
66 31
7 36
38 4
48 68
51 39
68 54
14 72
32 79
33 57
67 81
34 76
67 50
80 48
57 75
37 47
34 0
52 33
35 37
64 22
4 41
70 54
23 31
32 36
16 6
68 39
24 6
85 25
12 33
28 23
76 35
16 36
3 54
79 52
36 59
11 32
32 9
80 37
18 25
25 67
0 3
80 80
71 51
1 30
1 18
65 71
58 62
37 20
31 70
28 40
4 47
32 44
71 0
43 4
83 29
14 51
69 85
19 72
29 60
79 10
26 66
31 5
30 81
78 53
29 83
0 0
33 60
38 69
20 79
51 60
61 62
84 24
45 24
60 6
62 6
74 34
85 59
13 51
25 16
49 13
66 2
61 71
80 41
59 28
61 83
53 11
69 75
29 9
10 28
69 55
75 41
43 8
58 43
47 46
63 83
27 7
16 34
51 13
22 41
58 54
58 30
82 60
32 32
14 54
75 74
64 49
35 27
63 22
72 25
59 56
29 15
21 25
14 32
8 56
68 19
28 71
57 15
20 13
6 7
5 85
9 8
9 15
1 45
8 53
4 23
77 65
82 21
79 2
34 45
23 34
59 34
3 63
77 79
0 14
71 7
8 63
20 84
44 82
61 63
50 82
28 40
41 16
57 6
12 36
20 77
44 69
48 51
2 80
83 66
5 3
56 81
25 1
40 54
59 18
76 14
75 34
9 57
31 69
73 15
52 55
57 63
37 72
15 43
49 12
39 10
77 58
69 33
51 51
64 38
6 14
82 52
27 30
63 38
59 38
29 4
3 71
82 31
72 81
22 29
24 79
12 47
61 17
40 48
80 55
78 63
55 63
59 83
84 59
54 71
43 44
82 45
22 32
7 11
78 37
0 15
34 70
45 67
50 10
31 59
18 38
37 7
2 39
55 49
37 61
31 11
49 49
24 78
22 40
28 71
42 25
38 10
54 81
78 84
38 81
64 53
52 37
35 56
21 72
85 43
69 16
0 9
82 49
76 13
19 3
20 26
70 69
54 76
60 60
81 2
41 72
57 34
4 0
42 0
58 46
1 71
42 3
30 11
39 61
32 41
18 81
17 23
0 33
76 84
45 6
69 53
30 19
19 41
37 26
61 59